2 1 50 0.9 0.4
456.84237354493297 5179.382033144022
421.1460123305928 298.1094801645335
753.4757431662233 -8149.347394738606
-32.74354205151654 -6188.463274753896
-213.24767577452118 -151.41776261715802
895.4398289747338 10151.066897312967
-579.857919016023 -411.19539740436187
-525.6269049876987 -8068.881554480485
-259.1467998243264 -183.94158349853015
-862.3470681176708 -611.36537181049
-385.27123293335165 10730.396044546344
-866.9784002919861 -614.6471036778808
805.99995838332 570.81448414949
449.28464971297853 318.0483356659487
912.4631295313629 10344.033100531486
-442.2755922261785 -313.70545515405234
-737.8942547576462 -523.1789174129698
690.3914600776698 7826.7582187113685
-305.12590081764233 -3457.845770453373
-386.8165993379984 -4383.843868137383
743.4445083586463 526.4880989760295
613.9040886549907 4953.570006015189
-281.9183820130808 -3194.778877230091
-104.83625374594664 -74.59813382149346
337.40429705306576 238.77064517871187
-645.4760963257702 9349.147972281491
-18.82531515143079 -10629.146719470462
780.96874473914 8853.489472196785
-936.7999662089887 -664.1222113308588
57.63067579322056 654.1511392109326
-809.0185223508092 -9169.678542460464
-232.25477292727282 -2631.8211798354373
767.2665170952332 -6120.763468393185
846.1460930753988 9592.301866565336
-40.68574885994902 -460.3064899797677
726.4986067623065 -5305.821383630155
1.1603349419011533 14.036301768832004
-267.21830425687097 -3028.1473722409964
174.81767782814427 1982.5146239544404
-95.61651238443436 -1082.969577079318
479.48046014074765 339.4448906122908
-836.6999337880387 -9483.458872367859
-704.941078719751 -499.8285111227352
424.16562320830667 4808.977455899878
-222.5122420255301 -2521.3855336107526
-962.2171297283184 -682.1326481469996
-685.3982887042749 -7768.391697503217
-335.77761901470194 -238.2416837495972
-923.1820271941128 10822.52792343982
242.25780265955567 2746.9765325020535
-942.0762287353606 -667.8609366526015
839.7228536880797 594.7103085077747
572.2573586519463 405.18599769383803
-684.9796504001382 -485.6839727977998
-975.6188426744284 -11058.162574149528
725.818675131852 513.9985481486292
767.5849449441088 8701.778526220553
-546.9906613531404 -6199.483584908598
-429.1241218681117 -4863.417260092723
-379.9158119580166 -4305.620568519096
-225.4814573945688 -4460.375881594062
621.4608112229761 440.0512442817422
42.35778519795641 29.702605169135026
397.86017246959983 4510.7942136952215
-629.0858682829872 -446.0780021917361
-319.04245026138466 -3615.5956556256697
-782.6442592327895 -3328.7213062711007
-290.0318418103285 -205.8265234458896
938.2421152966496 10636.248642952514
-869.009911024988 -9849.705923740217
-919.770223335191 -652.0550462520174
273.5180241169832 3101.3241648159774
393.60508380192874 5149.546479957447
341.53934208710075 -4263.175312326705
950.0846058248877 10770.488206325286
842.0021710168908 596.3254179476329
669.1507151899865 473.8440001694107
-804.8193326300457 -570.6015924695113
561.7320767807723 397.72785139168724
370.1716327113913 4196.933081300078
-638.490970783268 -10940.464651473114
877.4297458062446 9946.91510212424
205.12888553484495 7064.946585519271
55.84920534296134 633.9574295487579
-487.8959703146295 2155.6542683405482
-749.2270098577438 -531.2092339952226
-502.20965401041684 -356.1743416637052
397.25962738524754 4503.98678499457
366.9467134988773 -1836.9648955867583
-504.7904063719002 -5721.126115304258
532.5038416492323 6037.036292460975
717.8525065944885 8138.040620448328
-15.858086960591546 -2393.3128818638534
19.34016377805392 13.392468283650837
393.6164761527745 278.6022298165083
596.584464823784 422.42402696072395
-662.2265804180718 -7505.730731423141
621.9701081061444 -9890.669254709901
508.2511081183912 2144.878733622073
484.5081107795162 5492.984689435007
72.32116061135497 50.934458175506705
-66.90430588157281 -757.5047557039072
-698.6897017016256 -495.3988260119951
-877.2102337486381 -621.897314341402
889.7183572235236 630.1367972594198
471.8198899635302 5349.15842094411
952.8275894020137 -8814.622876840549
-573.4321945019252 -406.6421707915232
-828.231291423204 -9387.463283373732
547.9877805766669 6212.55319035954
472.31366828816414 334.3665485015661
-163.08558649778982 -115.87323229231993
96.64970606800296 6689.3392968635835
131.2774728749415 1488.9682632339359
468.1589601789922 5307.660256800095
8.96287298002587 -4835.722604261782
630.085123615429 7143.160773055895
-169.10794312261456 -120.14063504137904
-499.8590086089054 -354.5086896152822
-634.1300485688721 -449.6522755467886
27.606267576797183 313.8119647874427
-959.1598422896354 -10871.592948449721
-491.53630449180594 -348.6112755892655
163.16401296138227 115.30511272175092
-488.53603395153453 -5536.876032823258
-634.7333151760996 -7194.08311701519
-970.308021989973 -5027.074354079102
463.94685320357644 5259.914269593184
-450.73318977164223 -5108.365046484924
-575.8914916925021 -9426.646370309065
-916.0608601636908 -10383.048032276713
979.647884156027 -9037.080587969911
698.9264272210871 7923.505626699692
-413.74357888952494 -4689.072398346077
268.0988836431541 189.66127983641238
68.3932642904328 776.1495632064248
87.09383439417073 988.1283154428588
221.23837626203624 2508.7125782078942
432.869780766248 306.41686625412825
-376.3627439983188 -4265.345063091727
-748.1050295018639 -8479.198726238103
-593.1751083824537 -420.6318712056292
-580.1484430605175 -411.40126085340324
444.6749791092912 5041.459548635364
-559.647490906354 -396.87441944710366
326.75101865032576 231.22180136648282
-135.19010595763547 -96.10667614838778
210.15789340311653 148.60467086471436
-739.5406988931512 -524.345577022775
125.60128222128574 88.68840593927598
-33.75231071755791 -24.22851395492903
98.69998967484418 69.62632494382026
-75.445954308212 -854.3278988207769
-360.9741790585399 -256.0958023772925
980.8369479442875 11119.078814774988
-715.9495797131412 -507.62906335316393
-642.9337372829332 -455.89051213101584
115.9453122875033 -2521.4021238870873
797.771697516793 9043.957941550168
-176.093049449634 -1995.204648884978
547.563753721368 387.6882697893574
-707.2918740814813 -8016.564607981191
-724.9430790872866 -514.0017985370432
830.3499162805805 -3994.8911003623757
-837.2373122894796 -593.572762085631
-933.0939422876019 -10576.125113635087
-374.9545670821377 -266.0022144351388
468.66244443536107 5313.367460582852
786.57708624836 -9036.378675431382
-33.21208618645003 8584.421089195152
373.0224289271762 4229.248043964326
654.2201481791441 463.26429745893984
-791.2245109741733 -8967.976011041583
-781.6105010633123 -4580.353158227061
-260.5933072754885 -2953.0502716770466
-447.8654549439518 -5075.858077598597
25.135925544602866 17.499307389377574
-665.7104086768511 10530.596521864802
342.32475785489027 242.25725171174074
-150.0100343141135 -1328.3367141062051
542.4417453166127 -1143.6160868657694
-438.2904346799661 -4967.321234232921
-204.28415335451834 -145.06626890808423
-972.0939204664647 -11018.206112542763
620.751908761912 439.5489206068722
-813.1371678104033 -9216.365104452203
611.4619278015265 6932.059090626612
156.1951851943131 -7370.462558047576
-175.24965781455194 -1985.6444533690346
-880.4736292486937 -9979.651945255651
-132.53082954175267 -4830.878915292963
613.9096985818742 434.70057495899493
936.1781909587356 10612.853200811744
-157.9087920348612 -112.204989393626
-814.9208978933467 3896.4495763802834
-418.4090737727422 -9475.233826405773
-510.7174228314441 -11069.63607070395
371.012221119293 262.58500166487596
-188.57295594061242 -133.933416569393
-562.3744008897287 -6373.864680971785
776.2456761164312 -940.9072163055764
831.0730205146109 -1724.520422539252
752.8362492606719 533.1430255173353
244.50965071899833 2772.502168309877
805.3301744238616 570.3398795905227
-593.8182343409311 -2919.4343949928075
-366.19542915510925 -4150.09431393795
-866.8365448360773 -614.5465858241192
-854.1442374505098 8965.454026639225
437.3075781934754 309.56146065802886
-391.4592309962206 -277.6973119770091
220.62731149767535 2501.785904552155
947.9943185143755 -10313.85805712364
873.7577696424873 -6023.017507980097
529.9130916366726 6007.669061837928
-407.5402835442792 -289.09224125909003
-244.5720523869972 6884.549188423129
-882.4932273384596 -625.640809250942
-633.8201446624997 -9276.373530553787
715.2349150215749 506.4989645464553
-346.61107401840655 670.0696904281812
144.80421154336324 7957.606778073077
-773.7866026097618 -8770.310055608365
-119.35537514031492 -1352.0594753331513
479.97527235487405 5441.603077643774
-101.37257490910656 -1148.2169436037761
-360.0375588246677 -2984.8822785265734
51.08179751672593 579.9168758757128
219.82204055752464 155.45262270536665
-537.904103390343 -7036.596948280278
545.3917961353658 6183.1266253061995
733.0410673037879 519.1162882841528
-245.74399980523754 -174.44444654540027
-787.5858437793232 -8926.730202625626
-547.8016171207189 -388.48051030040017
882.1835540545142 10000.801498915855
-910.6851018027711 -10322.111571871981
-318.99337132886376 -3615.0393254806972
-567.6767136607245 7585.838133562409
302.4786837910034 214.02258269554102
408.1778652219659 4627.749559092326
259.7511215702821 2945.270589560164
744.581068774881 527.2934582974484
986.0127167444089 11177.748310198269
657.3992850853006 7452.778171597693
935.466724847205 662.5537931174069
295.2871840407576 3348.086660947296
121.67005728641824 2082.6745831595936
-256.38383484275676 -181.983764476438
-714.1336576699033 -8094.119075042894
-695.5451626025832 -7883.410740031439
-52.23404122932362 -591.2111946674738
836.4473509403616 -10834.13249999359
-742.8876740010879 -8420.057828239098
-178.52512392903398 10269.379750402248
467.8703046227666 5304.388225824816
220.6584115526935 156.04526975474673
-490.99019778402516 3786.416463596029
715.4601961589963 -6792.546105738656
-938.0927320964698 -665.0382568336088
-4.407157704949594 -3.434729322287871
293.5923388653436 1435.1551642236527
-590.3769291895309 -418.6490996223229
85.13442290153783 60.01385252690535
-788.210899791327 -8933.815472901742
593.588975459181 8507.492588102616
-803.3451528511216 10860.30876268563
290.113153837724 3289.4368732462535
893.1409401656249 632.5620172797355
2.5724145667191944 1.5109502106379957
241.08799902543998 2733.716321003372
-411.7831113607688 -4666.849682234192
-513.9708178223452 -5825.18990338596
-802.9164169209441 -569.2531987701454
328.03945719739124 3719.3473208168207
-405.56611360463626 -287.6933572752331
68.23138660103956 48.03647090210135
248.2035080704501 2814.3735801415205
489.228532850633 346.3523115558992
-126.49198571030716 2211.3394264452577
-878.0697570269235 -622.5063669480703
-922.799432014504 375.58818827708916
241.80831830160975 171.03195616760854
-770.317257272565 6336.880046352578
-712.5567957558096 -505.2249586997132
-256.67758767922663 -2908.6639588791586
-395.01111116832055 -280.2141511738558
748.0407540560599 529.7449687940078
613.1485607542808 6951.17777774804
-828.1010811376901 -587.0988880921059
-271.67034469473685 -3078.6131051940424
612.8265914765676 6947.528121862178
318.51638239479854 225.3867916545893
785.7475848511475 556.4637839385605
-674.9781763732874 -7650.275383517436
362.2502329055701 4107.1407146776155
-603.6541656869507 -4243.253914833217
722.1065067552073 8186.261484362124
-107.86465835503111 -1221.8074138754187
671.6010684916149 475.5803045875901
80.68801967211492 915.5157370932956
-794.8416297299758 -9008.977558924487
-109.67292200882551 -78.0253655062157
917.3494278423966 10399.421327376016
-505.2474414755901 -358.32689811087755
73.86360406161272 -5083.60335572437
-194.71634027476935 -138.28657876640438
183.350175124827 -7248.965080759327
410.7245190275952 4656.616940840628
-439.91110179229446 9777.296649294298
795.3491278740323 563.2673748986459
723.4999213155229 8202.056418859054
756.7778024510444 -1249.4942144754705
540.0127090564715 6122.152432496579
385.2872103198599 4368.274450199612
-432.7829355528375 4324.032110876114
938.6506157085159 664.8098774811684
-372.3531317231308 -264.15885425338456
-798.2929411275721 -9048.099611331629
-335.6530805324827 -9245.518416473664
418.84888433579545 8640.496635094369
-191.80609851095625 7717.995556152482
-417.98525681194775 -4737.153584555704
44.37275467474255 503.86708047080447
705.8504609779133 -7201.251436533707
800.0403829796232 566.5915677655403
-740.4881038985063 -525.0169020498681
852.3475172243906 9662.597592626083
310.4937969055456 -10287.067171108416
-758.7436441710207 -537.952659195727
545.9251968889836 6189.1729450476105
634.947513992053 449.6078341780067
432.2899864337708 4901.070497432618
-537.5236422684474 -6813.513603861769
23.346228262429936 265.52264455130614
79.16329652508587 -7750.97763801855
-598.9920230509942 -424.7536991201783
-499.4334061416861 -354.20711047413147
-635.7031910474855 -450.76699407910263
-94.77713937441412 -1073.454934352492
-155.32275952639262 -1759.7647603097291
672.9241993606181 476.5178665188239
973.3206988185086 689.3768729599519
959.0773921457778 10872.425185404343
-246.68012433967235 -2795.338547274482
-933.7926104146114 -10584.044807899447
82.75198269390671 58.32567088558485
-220.0893079745409 -9514.830069607548
-990.9920596966899 -702.5223764378887
-611.0887080389451 -6926.061645463751
-502.1087896452698 -831.9100625555476
801.3281335196798 9084.271625150113
643.6724574822288 455.7902724085632
-749.7107979709469 -8497.400780751337
435.9385344195814 4942.428308730162
-533.9358644329943 -378.6553280962341
909.1717092365066 10306.723480379858
301.5214155099033 213.34426861538265
-930.9583119558844 -659.9828531075361
926.1964938820981 655.984967727386
-835.0416528143967 -592.01693205701
410.5765926114402 4654.940133291692
963.6440387811458 682.5200545717925
-900.1365352074484 -638.1427424961872
-739.2171524714901 -524.1163141319736
675.4718456637614 7657.638174254711
524.1725137412672 5942.597220036652
132.5040874141259 1502.8724500073329
461.69050765707516 5565.654383406075
608.493414742834 6898.409758510614
-430.72415053335413 6362.531351490895
-781.3589566781909 -8856.145843395243
779.8330600477643 8840.616013127015
343.1557783053208 2710.9750658243524
-936.8723912541794 -664.1735312469982
-379.93914336309166 -4305.885039714803
-113.91468853525532 -1290.3870262338862
-144.6409895733982 -1638.6824481795877
-708.5765881856871 -502.4046094934653
681.2765255293282 -8839.899222924543
-549.4921733384914 -389.6784274448986
-716.3732953057165 -507.9293054672097
893.3747954607936 10127.65888219989
-401.23753605795565 -284.6261553685778
-810.1561783403217 -9182.5743470158
-910.9347603727666 -10324.941555763338
-774.4558553738767 -8777.896314480735
-101.78373646461213 -72.43513992235744
437.86048223846757 266.2545303178069
183.7240655894623 129.87383233961685
-839.2822228828132 -4128.207493102652
192.52689213604745 2183.255945275257
-616.5128877423577 -6987.546981956555
529.4877957346033 6002.848155622139
-950.7875227028188 -10776.689218269683
-695.6790849129661 -493.265522529546
441.37114037136337 312.44087439739644
-381.947581543296 -270.9574190161404
-644.3072469496777 -8345.209233621606
811.6133834162755 574.7921206312832
-566.9409071792546 -402.04248679879663
132.98198277616336 1508.2895930132581
1.01323319196589 0.40612442574890045
268.35131693447136 189.8401524254053
169.04840961590384 10596.424048139892
950.7174943234145 673.3603892129906
791.5183991352026 560.552945420392
673.3388293648719 476.81167064405645
-245.01777636387675 -8255.680737989122
185.8489829731782 131.37953498223587
-721.4810099589254 3442.441290000112
-191.96414606482472 -2175.1101404528285
877.6374061720917 621.5763138905642
40.823302686245455 463.63256358330324
-401.6461844744215 -284.9157209795941
693.4875258989996 7861.853414526612
882.5946843168166 625.0890089533985
123.94513644798099 -1266.3908178055317
-623.8597034919777 -442.37477579955294
865.0975039469113 9807.124003397423
-520.1731499693265 -368.90315810771546
173.20537188784078 122.4203543715769
688.9914211515294 7810.888194268298
963.9524116545068 10927.685562326333
57.40782826497082 40.36696783621712
391.7867918461109 4441.949914335236
19.459108665316638 221.46052465769043
141.70311570411133 100.09806045662229
444.4684714264633 5039.118698025448
-161.4933551459492 -114.74498750854634
758.2194999554623 8595.617305903776
-142.00157800559765 -1608.763618556905
-353.3047252024315 -4003.9728147440974
-303.9728347964286 -215.705020436298
-522.5523091104516 4269.205530894543
496.14360447807167 -2315.360120010352
692.7723824625467 490.58216001878975
147.58927483343774 104.26895454588059
768.4868255630863 544.2329221305613
-909.6058418221137 5447.542763400232
-322.4223797356014 -228.77824802759946
597.2285450807226 6770.717768275346
-549.4190633699538 -389.6266221965288
-423.8279608741484 -300.63358351815873
986.65291468594 698.8239944421312
234.60703564381035 165.92917409655522
33.72210278542287 23.583416757850994
-4.301922251032986 -47.8806589296669
-819.0473251911678 -9283.359200361878
758.0579680642654 536.8431015117418
-837.6850428235945 -593.8900210311148
-80.52348236580676 -57.3702620948047
826.7545983078696 585.5210870604947
687.1114275651711 -5830.7646342491
-444.5655358809617 -5038.452120369837
281.01586517732824 198.81416896975637
847.6646423754033 600.3378083368334
959.0090599537356 10871.65061154235
906.1801739711112 10272.813181960504
598.0061467136255 6779.532206710398
606.5998966551908 429.5208968395654
-558.7230490104671 -6332.475086373954
-467.0936105430751 2815.384634748417
-681.7525400505479 2281.5050003695146
-232.92663695339334 -2639.437038450417
-905.0647489618887 -10258.402531145965
866.1526780170836 9819.084841037482
6.145703866724528 70.54753529059059
621.4262393896273 9515.260428936013
-339.8660099644422 -3851.6393793457664
682.7286547458992 483.46523985963694
-134.61808247146888 -1525.068620929263
182.01658220520903 6251.11006709352
-966.0976747252125 -10950.236169205067
830.5343509368881 9415.336266030145
973.2095469845748 11032.619047544486
-377.6804833452585 -4280.28218752096
680.5348336650638 481.9107125052272
623.7185013862181 7070.992457939175
82.96174584786885 58.474307692674536
-216.79601370931385 9452.99587478964
88.37143585192764 62.30757885760658
444.63700408580763 314.7550441919289
41.1234601554229 28.82797046915272
-191.21684109778369 -135.8068564021325
-168.14640950612713 -1905.1261747875446
399.07447124601237 282.4697296535696
-29.491137127212564 -10233.849002269273
-133.71467717268627 -1514.8281455353367
567.9980765771089 6439.378231228618
-81.9626464718759 -58.39004442341521
349.7961200679505 247.5514103996875
-695.148666809491 -492.8896717100196
-313.4233439292691 -222.40158976386846
-926.3527989992464 -656.7194165699239
136.97658000027823 96.74886798719587
114.31475890757548 80.69084890027403
-0.8845089597229183 -0.938603324470952
-280.1575077250351 -3174.818633646365
8.945986748432055 6.027222019825274
